2,[236.4461280619422, 1505.607759908915, 749.2588187731644]
2,[271.1417054432897, 1502.573878561454, 784.0429216894618]
2,[327.450827444231, 1497.499100342055, 798.8577958134142]
2,[243.895435220401, 1468.813149846359, 813.3532985040633]
2,[197.0712149757742, 1476.572893618521, 805.4845628889368]
2,[206.075214298917, 1394.743052822141, 752.0095216837205]
2,[293.4239022882344, 1098.777596177158, 798.7909510192529]
2,[244.269366950955, 1397.644286649148, 836.6038578369346]
2,[152.8242230393379, 1392.883688014992, 792.8844104085597]
2,[234.2511107800035, 1393.765803262027, 800.8252004052767]
2,[177.2077685848433, 1343.319894450049, 849.5081665442976]
2,[291.578082723849, 1471.998154816294, 836.4951288473488]
2,[154.821213370255, 1359.197702589047, 820.6240974686092]
2,[277.6199550386875, 1376.077872104841, 935.4312952977962]
2,[271.0933921042383, 1367.675484943958, 945.9202635628103]
2,[197.5498580964864, 1435.166314071857, 820.5945867855432]
2,[266.6813614996626, 1367.286402341737, 846.6723156420294]
2,[198.4162318187442, 1433.14992715259, 818.1951446355987]
2,[218.2061458433294, 1403.690478595301, 786.1244418213801]
2,[295.7439364875656, 1536.861610975576, 852.103649190087]
2,[147.5605607014367, 1366.779726214153, 801.9899746137655]
2,[302.1424597036946, 1489.053812299542, 848.9395726687981]
2,[259.8158330265965, 1488.131183048933, 833.4157613530464]
2,[313.1956327278593, 1491.014936828926, 813.6875684933337]
2,[310.7138210864459, 1461.407010113481, 877.2702616145817]
2,[313.9386033366434, 1499.859886440539, 832.4084315467483]
2,[397.7186907467078, 1494.599576287319, 976.890780239351]
2,[379.9943186813394, 1411.45110982593, 929.030989114128]
2,[471.7960798967885, 1526.213410866571, 813.0672379493546]
2,[332.6376849031632, 1263.631512382402, 861.439940163388]
2,[337.8600862298467, 1477.190320070526, 783.0508328145756]
2,[567.4064324238402, 1259.235686639329, 743.6930181211737]
2,[410.5535610123862, 1335.98273306435, 698.1203613406951]
2,[500.810074033822, 1152.378032784632, 621.3997013445226]
2,[263.0970777777549, 1419.760698341704, 758.9456581510855]
2,[223.8456845148635, 1346.238381051357, 740.9282962741079]
2,[159.9342840103307, 1335.673301740998, 895.3469594810567]
2,[178.5160425465058, 1377.402125236977, 707.8517820125201]
2,[60.42932872289378, 1214.735837599399, 715.2969426771401]
2,[254.8464632717627, 1396.627759198389, 733.6255858781303]
2,[271.7748015624013, 1449.215835355771, 781.0737855844156]
2,[210.7338219408825, 1364.544244741712, 849.1247534752617]
2,[215.113844255392, 1384.07157831464, 841.2564389380602]
2,[327.5102440958422, 1505.658319852029, 780.4913788407328]
2,[218.5700302656528, 1432.77578851879, 772.4523278972297]
2,[249.7784877444145, 1335.398060399327, 775.1335768712086]
2,[139.7542748488259, 1329.013728572877, 757.8218591004976]
2,[238.5450086218945, 1301.584046360797, 846.7940802132775]
2,[248.755091630531, 1263.463020735054, 802.5441015921367]
2,[251.40178352365, 1144.202605295195, 703.3636660023654]
2,[10.44649998836185, 1077.957161755169, 701.1074084967989]
2,[234.8572487366528, 1168.107406420586, 791.3876511865903]
2,[135.9814452742158, 1117.745167975545, 616.2620537485075]
2,[273.7936211105522, 1340.07196287039, 836.621929261581]
2,[158.3487522299819, 1029.594687560162, 810.1857160085771]
2,[179.7455291713655, 1107.07190078167, 869.2017404564608]
2,[-116.0324233932742, 1214.081087880741, 657.9716259940154]
2,[30.75991074960075, 892.0883456833818, 860.5160212546319]
2,[-0.9012672526112482, 1142.668028874331, 939.1340626122699]
2,[130.8477645170042, 1128.785637231526, 973.4228108125026]
2,[202.4706679505913, 1116.353999377229, 917.4186181489609]
2,[-56.69088861062261, 1196.382043818252, 820.1400030676665]
2,[-127.8428899738423, 1179.311844837871, 817.3776240696291]
2,[6.041757788497108, 1129.436155528744, 953.2251720219907]
2,[-4.600437896601434, 1073.890007148387, 919.5611903825371]
2,[-4.717340422147096, 1077.714198179038, 915.4064147533738]
2,[123.3237823808439, 1068.41378715797, 947.9745896182453]
2,[146.314172690046, 1150.178714227646, 974.6414144092203]
2,[-116.1533409069825, 1186.354736944006, 805.4257003218788]
2,[-38.28615597987378, 1146.704682178663, 788.1193945724008]
2,[-66.18032485040789, 1186.780658017699, 805.1256063361557]
2,[-2.768437403798373, 1061.014928653339, 878.6899265851633]
2,[142.8984890597059, 1103.71621623351, 955.7231653259305]
2,[143.9270441674062, 1106.483444103623, 951.0439311349867]
2,[-114.6178709561457, 1176.230475818827, 786.8331848063497]
2,[190.7123048960425, 1181.0212820916, 958.0760315950444]
2,[151.5673002712131, 1122.325056226152, 959.5567787985881]
2,[12.56238067030448, 1113.217125289772, 908.659836503532]
2,[-97.56325011118849, 1179.043962182116, 799.4560959278444]
2,[145.2854049155769, 1088.10772949848, 942.3300315667293]
2,[4.469972333826419, 1084.359710211174, 893.794699912899]
2,[-162.4411757263063, 1177.142554735697, 706.4592369071585]
2,[81.29824856078108, 1000.556541165081, 913.8963238466367]
2,[13.05972870419579, 1111.385750748284, 908.2808517232393]
2,[106.8346503461027, 1148.684805265334, 912.5502455510903]
2,[129.1642052737011, 1013.144620019741, 910.0333073274148]
2,[90.20818937841474, 1021.262730332925, 911.0398020245912]
2,[93.73941100040436, 1023.270587783365, 914.2286596200743]
2,[-69.90975920623319, 1201.235764203104, 796.1898557428698]
2,[-42.60135153171963, 1229.00697039682, 787.229960326873]
2,[220.0397412309985, 1093.758533178334, 869.0853167034079]
2,[338.1496527322217, 1367.490601098793, 913.2803191493222]
2,[380.152739790614, 1284.461901146743, 786.4003600277083]
2,[379.0216543646399, 1493.095741482095, 824.8185503586697]
2,[508.4698418919573, 1361.744383383635, 713.9868716976234]
2,[549.2287267304742, 1413.824402840466, 745.6813769685684]
2,[526.1068481577497, 1370.423662169282, 651.6934478180125]
2,[450.5016916245428, 1413.695711195084, 801.0716274157865]
2,[386.3682421220819, 1337.645967420877, 903.811888684739]
2,[377.7430442231059, 1333.065046510765, 904.2925296626278]
2,[410.6763763103877, 1418.069049407298, 721.7532524265059]
2,[333.7774341481721, 1429.207266402818, 762.4290428059217]
2,[410.0496074852367, 1539.888795005932, 900.1298993705451]
2,[407.8770115807997, 1425.079058325463, 790.330065956359]
2,[260.7991709251439, 1456.271928557121, 720.512691070287]
2,[263.3303991509955, 1490.15333432735, 728.2028830531899]
2,[273.3889284739542, 1560.598479175688, 851.2800094010881]
2,[218.6148666845848, 1497.806414831455, 747.1017691486177]
2,[110.8313165569914, 1364.959426374697, 867.7340972514991]
2,[217.223336599009, 1514.203384250106, 858.8279998700625]
2,[233.3809671013689, 1528.271047242238, 873.9943643674612]
2,[192.4561027962848, 1505.754608998907, 794.1626199856233]
2,[-20.57660801227043, 1193.80278950428, 760.6238483126562]
2,[285.5699055489757, 971.0735423169656, 669.6728242673605]
2,[153.5102670894222, 1075.587722745861, 697.4288040669628]
2,[88.17356593666156, 904.1936603740479, 608.9248276446032]
2,[135.1968799651382, 882.9011780981405, 591.3943516558836]
2,[77.22676315555066, 882.2526225348313, 693.3263599161274]
2,[99.35857185369497, 849.9595239187254, 625.6963430694117]
2,[100.8938631247472, 850.3709909376233, 686.2205442382224]
2,[115.1668632900986, 843.1499036510152, 663.5044539687532]
2,[146.6123434077494, 881.1567238338279, 613.43206014108]
2,[166.2215373299234, 907.9943662628646, 566.7847728012612]
2,[47.31333415759184, 851.9526927233313, 632.5143791136192]
2,[175.7169510870964, 933.6010145197806, 572.6843754335836]
2,[100.3211095741886, 959.4618903261373, 706.5862257383592]
2,[180.9319354902588, 1001.721452266966, 545.9702753977976]
2,[-161.5579130783421, 1283.473702018937, 645.5112885366002]
2,[-65.4613759156408, 1167.817867065196, 608.2512586151851]
2,[-115.9764755693725, 1164.541998208811, 649.0710886797941]
2,[-115.1361379666949, 1167.336529404575, 666.7757418143316]
2,[-123.2840963902954, 1169.473302974498, 715.3345268115008]
2,[-141.645900608419, 1100.717850901938, 626.5628784444023]
2,[-73.89326048929561, 1080.237180681112, 642.3355473562438]
2,[-80.80027162897045, 1089.037775910057, 643.1671174873334]
2,[-130.6068802224202, 1132.344526564308, 657.5089971258129]
2,[-136.1509310800265, 1137.859494985501, 659.5887166229776]
2,[-15.79483660539289, 1114.601027291269, 642.3982637068144]
2,[-128.6146740438592, 1089.867727018911, 663.7855762917866]
2,[-138.5712119597997, 1090.798765620264, 662.1580570019726]
2,[-139.4426778851942, 1140.34986154018, 694.9638561340278]
2,[157.7532163816104, 1161.593127277142, 613.582349903189]
2,[-128.4018385801346, 1115.903882389889, 707.0992029383592]
2,[137.4583130271456, 1150.640623692276, 621.8425962537042]
2,[-179.0369787738289, 1033.692692029757, 642.3682606109589]
2,[-146.048352337634, 1089.598614623194, 664.4303031371808]
2,[-52.00270093976196, 1104.048688401419, 687.942306247528]
2,[-62.44888559294984, 1098.08685013319, 696.1820255286148]
2,[-67.89033455851539, 1096.423891449806, 702.0691939956154]
2,[93.66894671348248, 1157.695373838712, 640.6239739203013]
2,[23.71733729835809, 1253.856335321077, 721.5356663973118]
2,[-95.14106391726109, 1058.498595788223, 711.325617943334]
2,[-93.57335168575361, 1049.443144513861, 712.1219990924546]
2,[-92.85762803986574, 1044.876273163368, 710.3879749229611]
2,[117.158657335265, 1282.945237716943, 709.709939227633]
2,[82.76645126582035, 1180.961866374617, 643.7987660157204]
2,[81.21137646672062, 1262.560988293387, 695.3022275527067]
2,[60.92168500125251, 1211.695780435299, 698.6055927752685]
2,[92.58482124312525, 1179.28785864979, 706.7217780615604]
2,[85.00427713568118, 1262.150147829173, 716.5738368063778]
2,[39.02449075428198, 1185.610128172288, 732.417548133963]
2,[40.79051967807258, 1135.076679222366, 710.7984039573406]
2,[-208.0920138835128, 1156.139085644733, 683.2597955476926]
2,[-194.0742864290189, 1057.967848303466, 792.414496991583]
2,[62.43159693771275, 1146.693496247405, 741.0499961321807]
2,[-141.4464058029942, 1091.54850916389, 801.9888128287332]
2,[401.2140289977943, 1053.585998484066, 663.3389702559762]
2,[139.8940716931425, 906.9148524607317, 578.6980381426001]
2,[146.4606142136159, 782.4361443998073, 804.935636970229]
2,[433.259721871689, 1208.377840060351, 704.1443821593883]
2,[423.9975023866809, 1118.829170167921, 625.4887294601583]
2,[423.8235290400831, 1170.258112512748, 538.4269112529378]
2,[435.4627528318072, 1097.966748270112, 566.8390599227041]
2,[333.4244433463912, 1148.165718894745, 668.2308257536135]
2,[3.704010057877269, 1101.798136102281, 650.7790713705148]
2,[-130.3509572622952, 1051.56500749209, 742.0856165242543]
2,[103.781582728911, 1136.401024721275, 728.4262426227092]
2,[-178.9600681035838, 1074.427716267818, 763.9692324402313]
2,[-170.7412299073527, 1068.998173122168, 765.8722797578333]
2,[-172.3506572534154, 1064.789653116305, 763.6576597988504]
2,[-245.5025601064781, 1168.649246676811, 754.0748715158217]
2,[-4.056598314288175, 1091.826928477743, 692.4285822670112]
2,[-51.52455950654123, 1030.847690387161, 684.7441431589954]
2,[-175.632668136361, 1224.210541242238, 809.3124700038986]
2,[-173.6289387376622, 1201.136616206982, 807.8842137584077]
2,[-183.8459739181948, 1220.550619105243, 832.0890860583982]
2,[16.6360514224541, 1536.194675956732, 784.6834185184089]
2,[252.0698142767482, 1533.887094721443, 736.1620479056734]
2,[47.06370077657509, 1549.474663577787, 769.8095969332878]
2,[220.1164497467644, 1589.240358173136, 764.2324034713322]
2,[40.021568464011, 1554.374803245103, 750.5756310335474]
2,[367.4321621912269, 1635.83236510922, 735.111324812331]
2,[46.72967283013783, 1554.211946801044, 739.4274252656614]
2,[2.953468946226103, 1540.834370202482, 768.1958533352757]
2,[-38.34152262273663, 1542.305828131968, 811.9006530798432]
2,[-5.418568649116125, 1472.563492786572, 737.2350655345355]
2,[39.19295569727028, 1601.922814025368, 793.5611821020332]
2,[515.3754810118107, 1506.402708187902, 733.9936698999455]
2,[63.83856303754854, 1589.3666930141, 801.8856987516331]
2,[120.0912250717552, 1656.35803075717, 766.5529511530424]
2,[68.51622893574846, 1597.518757314357, 753.604496674278]
2,[149.8105773998816, 1636.082363402423, 768.5626157061664]
2,[100.3920531671945, 1629.776854312316, 749.2058792215169]
2,[110.7289449499436, 1596.217658420861, 793.8603451066557]
2,[104.8356846488965, 1625.014400148667, 753.3837311493496]
2,[419.428571869539, 1472.532208272478, 728.2341397848463]
2,[289.1102858187862, 1526.055128131866, 789.9411034503717]
2,[4.916300642571258, 1528.247428225364, 818.69821501807]
2,[165.0061969483148, 1558.213066586983, 808.6207911389986]
2,[144.817332727477, 1555.864743523142, 800.6665055318979]
2,[100.6685063719542, 1582.342741207324, 811.2881061508938]
2,[105.73124022222, 1581.271284345676, 807.0768335843121]
2,[19.43115423119914, 1493.187038315061, 795.3649502751418]
2,[-48.01413193623924, 1359.464593269099, 807.5753376928494]
2,[-195.5158496217945, 1204.414631223675, 825.8209603531891]
2,[90.589805279182, 1374.306154255655, 738.5139539268378]
2,[-177.8746478081125, 1174.570591098845, 890.0581392885977]
2,[230.4273928253355, 829.9309582489144, 812.8477370316833]
2,[-102.7666084884104, 724.2783681257666, 930.9672318081532]
2,[-68.19664430412506, 782.2336834906081, 802.1930341936599]
2,[11.72685039059454, 827.4719344808653, 728.3593744645816]
2,[41.3752476703458, 837.4167766843269, 791.1784990188152]
2,[8.178068528826884, 800.9689490389953, 947.769140884373]
2,[-37.35118470822698, 740.1563074868559, 1018.911009822294]
2,[-64.26027650541596, 712.177699612609, 1001.51775488643]
2,[79.50079118330206, 748.0806617801599, 995.8164136908756]
2,[113.0918503259983, 720.5034312993015, 967.6756673670897]
2,[94.82967478897098, 720.5385583837169, 979.1372359062809]
2,[92.68088197076912, 721.5261022385225, 983.6000090058913]
2,[-69.65840503527721, 699.2096790118507, 1032.012596585597]
2,[118.7998004220848, 743.6247993894798, 1046.668464173549]
2,[65.93600672883349, 714.3410436881702, 1070.656680756437]
2,[-120.0067062372819, 730.3109541463873, 955.1635282345519]
2,[-112.4228292390478, 743.8798463008408, 960.9940291302776]
2,[-37.02170639361233, 707.7331646089979, 879.9507794027427]
2,[-38.5413133177816, 752.0266293542587, 904.1265345669901]
2,[-39.18977199045855, 759.3616613564553, 903.7119066673656]
2,[54.19007978603395, 697.0805822802519, 970.9997789674155]
2,[-56.59229008238793, 785.8411116849566, 889.5471650658039]
2,[-76.40054260377187, 763.3518859607329, 871.3853716538965]
2,[-49.55571332076954, 727.8068626171504, 889.0518998327618]
2,[-87.44470228560809, 791.3899367748061, 871.6595761480959]
2,[-90.98945393206017, 789.2855417768005, 870.9436165919612]
2,[-11.19400530532272, 700.6973321755459, 953.5887888550511]
2,[-77.04798062972719, 779.4353779690873, 917.8333717612092]
2,[22.02190072848947, 696.9758987832398, 1001.065115047738]
2,[25.0707853310999, 701.712041046799, 997.9107468688603]
2,[26.27275789214804, 706.0694449286411, 997.5451396973313]
2,[-87.6826258335517, 746.6309211689554, 932.8496442677014]
2,[-177.6979822465015, 768.3261388918497, 837.6250570043767]
2,[9.312352422569347, 723.0644423980717, 995.195701261631]
2,[74.97696446055556, 712.5777938632978, 1022.905068787836]
2,[73.31348769842111, 711.7899424486368, 1025.57467788038]
2,[12.44344874050654, 692.4374730886501, 969.9611501308838]
2,[9.525362574851499, 693.5523326065946, 968.5730995240056]
2,[-89.59144197408847, 819.0468242335091, 910.9785611635396]
2,[12.06028668881504, 741.7504478836338, 995.8122862987414]
2,[2.57142951408963, 695.095194208535, 967.2192198001717]
2,[4.24145040334588, 740.0284284148303, 996.198322163895]
2,[63.5950092405235, 722.0100416296899, 1033.922903890882]
2,[-30.90455979849105, 777.5407072788856, 982.9445249648695]
2,[-93.46906085811077, 826.4982834148693, 908.3574813841888]
2,[1.774393458304985, 744.4041642328667, 1000.584628282488]
2,[-12.0267019586073, 768.4223645281085, 1013.837280618855]
2,[-12.38275247170168, 770.3055972039442, 1016.4336525188]
2,[-101.6216943068627, 828.0661439854741, 909.6857978398841]
2,[-27.74304018628209, 789.6630431773822, 982.1914128373546]
2,[-96.12760648599561, 837.2722243736316, 912.154750951331]
2,[61.79723781680417, 736.966415310405, 1035.971874905309]
2,[-0.7516589513837744, 791.2024141259326, 1018.759686363742]
2,[13.20546922516149, 765.8633742540015, 1001.96935858158]
2,[16.11538129203666, 768.1716335251353, 1005.730870953269]
2,[14.69027917848132, 764.075314102094, 1002.61197620244]
2,[72.84136399060731, 746.9966302235721, 1035.318320963215]
2,[24.01825296066107, 772.1728307948467, 1011.065766128178]
2,[72.85097885029927, 742.6603623831953, 1043.074897886784]
2,[71.76438796745913, 743.6026725603695, 1043.603131310447]
2,[65.75138613054912, 739.6639830577759, 1046.39281652837]
2,[-105.1417964395493, 820.2038811988292, 915.6976086457485]
2,[-14.58812374128343, 739.0761263603459, 996.9696981992964]
2,[47.41232793997767, 715.3325065751916, 1025.019615636095]
2,[-57.83740451753408, 730.4449331812123, 941.5756688797643]
2,[-31.72920230673327, 754.2142665814506, 991.0888178379053]
2,[-130.4870965524478, 786.6832503901792, 872.998434032903]
2,[-135.3361370185606, 779.8877496087921, 876.0319339284254]
2,[-132.1598093356725, 779.3804949701096, 875.0577142408102]
2,[-134.5790137059652, 772.2061598250224, 878.7953048944822]
2,[-129.2142124628369, 760.4908745208367, 892.1221932152179]
2,[-147.8625681642127, 710.4312805265012, 924.3537265008158]
2,[-76.84307432889545, 734.1266586948799, 848.7146040988218]
2,[-61.92914442061885, 753.0006075499142, 872.3812764187269]
2,[61.9148118327135, 713.9998225461338, 912.8485738580945]
2,[67.03166108392912, 761.0525570052616, 843.7688151870191]
2,[-152.6576997290501, 715.4075744786911, 904.152514303089]
2,[-153.0416390099531, 715.9412203845302, 909.637854285302]
2,[-193.6524993206962, 715.7406502310864, 975.836546479027]
2,[45.44003485180212, 861.1041795041646, 998.6126829938811]
2,[9.746523425126185, 765.6499795696097, 996.120889027987]
2,[74.29922690757164, 839.8079916001134, 1098.44451429563]
2,[81.76038803819097, 861.6907569650521, 1082.779270943002]
2,[101.1573994071617, 925.5948218355411, 1034.446574292689]
2,[26.79521442557549, 842.4398956591693, 1020.420254524537]
2,[-113.8121272605613, 716.3747223968509, 888.5348585579303]
2,[-114.7246698849704, 718.967006152898, 903.9052025186631]
2,[-72.58574639752874, 764.0305986929435, 923.3947587273105]
2,[-92.63344392625521, 745.7828004323748, 951.3832181600189]
2,[-105.8853010886484, 735.6958519981672, 956.6679895181283]
2,[-107.2296366840168, 730.3044462482185, 963.6072455426259]
2,[-125.3864571278949, 708.0520025304619, 977.1298653014444]
2,[-129.9869503917039, 700.8039582552256, 976.7850203631696]
2,[-136.0841212414973, 700.8361473123222, 975.8361189375653]
2,[-122.343970861947, 721.9398449582038, 981.7750276034757]
2,[-115.3944336922098, 740.8959880659553, 993.5489777442938]
2,[-105.0825406397617, 747.960761897405, 1001.42191110235]
2,[-78.82602313192771, 781.8342358428802, 1003.059999461711]
2,[-140.7536326499175, 776.1950537692569, 992.1695183192278]
2,[-29.65485394238749, 769.1617069071726, 799.6282317628404]
2,[362.6082174012359, 819.3180367111678, 960.2293098605871]
2,[434.2552898566222, 1135.831588326523, 929.2841067888521]
2,[457.4189373954749, 1121.931013646307, 935.5870133088852]
2,[427.5691722939426, 940.4533857263735, 865.9653556113362]
2,[367.8494654548251, 793.9806428975538, 954.125448844281]
2,[231.5238569622805, 740.4409270073101, 996.4020653567862]
2,[281.3418640578373, 778.7071880450376, 994.3628821370995]
2,[316.1815522877278, 824.1715766212229, 974.5203064787187]
2,[174.8158485010198, 798.1577103464563, 861.72015546436]
2,[302.0285418278866, 799.1916101004201, 960.6805042752396]
2,[259.6704914117018, 830.4056461124735, 894.5970351400065]
2,[148.6677625874142, 744.715364078131, 909.4880281774772]
2,[210.3746865494113, 759.1000448601476, 922.7424558518617]
2,[253.3804261231251, 781.7908694942294, 921.3210679506631]
2,[243.3870696501866, 827.7668458421965, 908.4267521131751]
2,[409.0987379977153, 900.958965841649, 852.820586933446]
2,[307.7935505842084, 826.7071203651482, 902.8633663160764]
2,[295.8959663609917, 797.7544418739727, 961.9648654344941]
2,[308.3231958136637, 804.4592385492591, 959.6658473445264]
2,[362.9125297959945, 843.9295269623815, 940.4854370921954]
2,[320.1198105722145, 796.2687059577369, 966.3078697887794]
2,[243.3291347151214, 770.0341120741494, 925.8579760645575]
2,[304.2361495460339, 797.971045566597, 909.4389503800803]
2,[410.9869654584217, 914.0210338660875, 836.3569739876875]
2,[298.2368338883547, 809.7423078458276, 979.9325536103913]
2,[296.442887572615, 803.1320080114601, 948.0053409877842]
2,[375.2418253073126, 845.2526772804232, 876.6637404166961]
2,[347.8849018145326, 819.7275033120196, 968.0553271273673]
2,[344.7873550989838, 814.6633928046638, 966.7623287623176]
2,[352.5236559864426, 819.898090364299, 969.4326040933305]
2,[299.089270617673, 789.5644990709677, 946.2649112604576]
2,[289.0693308246322, 800.7997170028374, 970.7021471259554]
2,[283.6173225845042, 796.1915068136077, 970.9522174646271]
2,[355.2876608909224, 819.5620897897622, 895.901764745402]
2,[394.0396574897123, 844.5498111655265, 847.6665201135775]
2,[341.8134407105338, 813.0920586811159, 910.1295205077699]
2,[336.8852240022347, 808.7385254818699, 912.4153610798069]
2,[382.2100966263512, 843.4214471847703, 852.2196385387755]
2,[305.7886565128554, 773.6899893873859, 968.6777500690241]
2,[400.417580585977, 855.5606821311926, 836.1649075158219]
2,[262.8716396876643, 779.1823848887386, 909.6854987671602]
2,[392.6785919185445, 871.7156298255619, 847.1822079811377]
2,[334.8402537504963, 821.8406516792477, 840.6188173639448]
2,[265.1864273775689, 780.5211289012843, 908.0457813127939]
2,[180.8976735018587, 746.2797649462766, 907.7429507407405]
2,[350.1160815024769, 819.6634385408341, 815.7100597847113]
2,[161.4585055398209, 755.62642309581, 902.5338250285246]
2,[330.7808029845374, 799.5075022586421, 874.2692359039544]
2,[254.6441589898739, 767.3576275498375, 861.522508292392]
2,[288.1283518921409, 825.4934857844293, 858.4295156462323]
2,[271.490357227322, 777.3714298261029, 848.5632810840254]
2,[417.1526752032145, 906.7410721164831, 828.8392197592989]
2,[196.689420323166, 740.3711629416266, 922.8963302942618]
2,[423.3546624344364, 921.3158681000104, 867.8850608674963]
2,[336.1566551004142, 815.8245869654594, 936.2219725836148]
2,[353.1481466176991, 902.8172175158464, 914.5086078615918]
2,[355.0072925726371, 840.3932829196895, 936.3909372294088]
2,[345.2904091705357, 837.1462055321966, 958.7617242458698]
2,[334.1111200968756, 833.4255226662017, 967.3354087679151]
2,[407.4736741649386, 887.1983618077115, 917.8865013881796]
2,[382.1337730436326, 873.1901386154184, 928.2491412542213]
2,[328.3595848284035, 853.4629486658957, 976.065410053973]
2,[469.9794408088351, 961.402197680256, 889.3604003160799]
2,[485.2371018684742, 982.6237248190696, 892.0225766212667]
2,[497.524945756689, 964.8122789553464, 860.8694668421026]
2,[320.9545945818065, 883.3063538612129, 907.3359391027228]
2,[363.6774757724698, 892.194378023743, 937.4800565225545]
2,[416.6500599674732, 976.2004689026624, 870.1936434183759]
2,[402.4584864408505, 1106.705090234447, 893.7368645290228]
2,[293.3733346526994, 828.3353007071345, 913.9910394540755]
2,[355.0282278917483, 861.5771891762528, 841.4363656291293]
2,[356.8337301303602, 863.1532761505798, 833.5409762083407]
2,[273.4468242866421, 833.8466749778997, 774.3321584023964]
2,[331.2006900895344, 864.2615611086263, 818.0372407549746]
2,[207.8915999641153, 878.5588109892126, 1008.851613432925]
2,[358.6630378161234, 860.9812738173413, 1077.116572637196]
2,[44.36392558567971, 706.685921224592, 929.2402470950819]
2,[188.405723264148, 740.9424109354998, 973.1959354584434]
2,[127.605986763923, 712.3219659392807, 1090.109280694636]
2,[391.3129294773763, 937.8696695463909, 737.305520985521]
2,[286.5808426140825, 915.8036417262891, 597.3933745946745]
2,[510.6187801106974, 1022.840147613045, 735.7547520071421]
2,[379.4075138606879, 858.8432842983455, 765.8765924358408]
2,[422.7229909675574, 888.4998004443228, 788.6718612969022]
2,[468.830150681883, 916.6938314284765, 781.1558161983799]
2,[479.9300213836804, 964.3069207862275, 776.9379687662215]
2,[508.6774271703323, 1011.081317157752, 738.3181960355216]
2,[357.5910322030123, 829.1255762665237, 846.684079340464]
2,[349.9402616780525, 816.761175624643, 842.3466156808458]
2,[377.2556961241207, 829.6857107513255, 853.4110885032944]
2,[448.3039146906275, 941.594746618389, 743.5008810980626]
2,[424.0394805129922, 1074.949320951471, 825.5149579282834]
2,[448.5892874665245, 954.6675790932477, 732.5846900761564]
2,[445.2095640253417, 953.8683429884628, 725.10690406866]
2,[476.9416507337209, 981.7181003314306, 695.9865916679259]
2,[424.5867477421774, 978.644325093831, 686.8388415726897]
2,[443.1693049449887, 1032.859594419007, 763.4440138463875]
2,[462.2037675493931, 922.728890572664, 768.178104819669]
2,[447.5244960034607, 937.2018922769603, 789.0207394757825]
2,[412.541578979126, 917.7996279141, 812.6533653705477]
2,[452.3678405551178, 1009.403714772208, 747.6682915443573]
2,[444.2040158597526, 979.8015271632335, 698.3270098810486]
2,[444.7325013792849, 994.5289209466763, 759.3943713710387]
2,[399.4569223976538, 995.7105772360882, 779.7955026645957]
2,[417.3973977632185, 955.7138650780871, 721.9392404603443]
2,[353.6697724029931, 908.8000828169838, 680.9462533731597]
2,[362.0734436661128, 917.6035631167088, 697.4155998262952]
2,[367.6829794807841, 956.2388082298443, 705.8701443931682]
2,[344.0230305813884, 931.2298328898963, 704.2233667359928]
2,[368.6842765232562, 911.9309835326887, 712.2495594066233]
2,[359.7148376862772, 913.9409726392366, 657.0308531643861]
2,[341.7972541330055, 937.007037973751, 718.74702922401]
2,[384.9684508078682, 902.5323500647896, 708.1396841636678]
2,[382.0224957759478, 943.4325130685245, 754.1301298994748]
2,[396.7774425597039, 928.4645403518011, 711.8727304648422]
2,[418.3007198229775, 936.8030157194738, 730.5257875279218]
2,[478.4479775347156, 969.8092620904658, 783.5351973580239]
2,[472.1535808406612, 973.3573465934285, 771.461053770817]
2,[392.2163617999524, 951.7021100537008, 704.8436007844999]
2,[427.0282179686677, 919.5622663440186, 758.9762526980875]
2,[424.8016239548729, 945.7328894582377, 760.1168713838288]
2,[425.3468008802809, 959.0071818030439, 742.0365628989213]
2,[407.1040655824174, 953.6221296459645, 724.4389323290603]
2,[407.4845174370211, 980.6109658344415, 737.8012714076501]
2,[427.1200536315251, 938.2121055020987, 717.6208812701082]
2,[394.7221208596615, 994.5107015869071, 763.7374776597642]
2,[410.8027417674352, 963.8994965370222, 733.7014877901456]
2,[494.3468855366669, 986.863556090547, 798.2609250848413]
2,[409.5353357058678, 1008.603427512726, 778.5102542917514]
2,[414.3378307607138, 1027.802155052037, 765.5642639980813]
2,[422.6362095145382, 934.5286075085231, 710.1095413399012]
2,[447.5954887807318, 941.5925976967137, 719.6245199694863]
2,[261.5351080380235, 787.1961925518299, 798.7423975894169]
2,[279.9459893980381, 824.4286399979518, 829.3705160908313]
2,[322.6511679162064, 865.6746328172476, 796.0020274901544]
2,[447.8904664339335, 1109.761360793713, 801.1500458034579]
2,[433.1275301346348, 1114.922048107348, 823.6119248885361]
2,[417.0763806345007, 1062.131763489378, 744.0348887529526]
2,[259.3437816845232, 839.7675525462191, 761.4231485933783]
2,[256.2168659865245, 867.7634091222636, 860.5334973380857]
2,[257.2487001384784, 889.5478117128055, 772.8688031664433]
2,[-68.57540979016844, 809.9296349320507, 688.8512572869802]
2,[-283.4165708589787, 1036.827329389331, 746.4199561542746]
2,[-282.427864494597, 889.0083715203701, 973.7371010689683]
2,[-264.3324916360148, 1013.333756527032, 902.9235188404805]
2,[-385.2265479715157, 801.066521225088, 1118.226898729069]
2,[-338.1170574345144, 903.3284812385268, 1042.556141440367]
2,[414.3966641457771, 975.9909942354394, 946.5308497976314]
2,[238.2684733169709, 807.4424958680391, 844.9285394838741]
2,[316.21632302495, 834.2232355923417, 773.4731543547695]
2,[318.4140793545575, 895.7272882200641, 911.9780574976537]
2,[30.04121156459547, 807.3812194364444, 806.1683746863631]
2,[43.56402714617117, 812.448312227177, 796.8303795044112]
2,[468.4795911397487, 1083.030752652592, 774.1339027675347]
2,[472.0535051134551, 1084.594105809313, 794.8376169549074]
2,[506.5859146232366, 1000.634653080555, 723.4286773494855]
2,[472.6409825832848, 1012.560216825808, 742.0227400244698]
2,[454.865860027001, 1063.710455080054, 760.1551146846991]
2,[432.7136638351571, 921.7790016023777, 723.1712127290374]
2,[-74.18556658769536, 822.8283264550066, 618.9821743611424]
2,[81.41695344934125, 826.1126987850403, 673.316474548116]
2,[319.7415262614131, 914.9468885263085, 718.2657085074292]
2,[403.7559303655374, 938.8171918733013, 727.6352064892978]
2,[437.6063748786278, 988.4586122525066, 703.3902104016204]
2,[434.161736224991, 987.3026672684749, 704.0588957159299]
2,[419.3965863301872, 952.6903544106236, 678.753271640953]
2,[352.7432856927751, 916.5897134754754, 705.1163131905528]
2,[419.590054851631, 947.0071664524503, 675.1157009130418]
2,[420.6602964750168, 944.0218001146117, 728.6899216272819]
2,[363.1445013332085, 916.1373003427385, 692.1875572466043]
2,[471.8732767580808, 1009.11779824795, 672.88218456099]
2,[453.1408492798428, 969.871274127789, 682.7288317687678]
2,[450.7856677219654, 965.5475618970381, 681.0270116353744]
2,[450.274605905394, 966.1773787007376, 680.4434077577462]
2,[322.207594400464, 871.3361193253407, 714.6507262522732]
2,[377.0664050463726, 916.3532068631346, 678.991002368374]
2,[352.735649108109, 949.2311520272103, 647.4085303455045]
2,[363.1346112662091, 952.5556752553084, 607.8895407433026]
2,[344.385903842428, 954.942439909824, 648.2739786273102]
2,[349.0537910494835, 959.5331976863541, 651.8469367478305]
2,[352.0578398982613, 967.2906859093604, 655.1991639004289]
2,[360.7535566750993, 980.7834844951986, 663.0679475046211]
2,[375.0195579889945, 1006.160032044165, 770.7576759221229]
2,[463.7260977219672, 1051.925291776566, 638.2086088987211]
2,[436.4535930900588, 1004.112090525217, 641.9064192747524]
2,[68.79177830458825, 922.9412621915195, 862.66624597212]
2,[147.622298701519, 1032.985482802461, 736.9135673708166]
2,[126.9652242729414, 1037.498970306303, 540.6680702469325]
2,[-45.93689397486833, 759.4308945149205, 965.0187696478876]
2,[182.2026024049821, 914.1618861716702, 613.6159116203983]
2,[-264.9052956676951, 728.8068515821844, 1138.19031661748]
2,[-218.8660476223138, 849.1982890447174, 1216.895711162907]
2,[-222.4130877013358, 727.1735640765376, 1034.444864357198]
2,[494.8665106651391, 941.6904551922614, 1035.386372871139]
2,[434.0646948893498, 876.0577825813699, 1011.084077940143]
2,[409.9990422542469, 854.6925182624794, 1021.964690021063]
2,[515.0939887151893, 968.0785784389161, 1089.592730316156]
2,[586.7140951725864, 1048.476487398673, 1144.051245473316]
2,[451.9385929025001, 881.2995185808556, 1023.235266541367]
2,[501.012006251506, 943.7508871634091, 1097.075359845463]
2,[435.4881291945874, 852.3641443342131, 952.1376267146159]
2,[565.1896109955529, 1026.002335915748, 1075.184124744701]
2,[502.8271018320287, 943.0104278465203, 1092.217337360933]
2,[495.6899552013416, 930.4780841693321, 1112.828908476511]
2,[490.2375263638929, 929.9585682462541, 1105.790181073086]
2,[487.3684906543442, 942.5303313199573, 1106.864356463701]
2,[529.4016489782323, 938.0424542890162, 1058.770730292657]
2,[425.1534990339101, 843.5135410119043, 999.6952324533504]
2,[501.6086523127779, 912.2729132106208, 1054.210660830431]
2,[-104.5667853758985, 801.3241195173879, 786.004249063272]
2,[-41.74926632673285, 853.8653481067512, 756.0045057154261]
2,[-165.8420017297631, 813.3400577736375, 685.2792459136532]
2,[-86.50714034312456, 908.9539792583803, 614.5270667522311]
2,[-88.48009553164206, 875.0451380671609, 565.6378672768338]
2,[-82.70231721174579, 935.6398547931462, 750.9924765816984]
2,[-69.50312042260978, 929.6518148944423, 657.6356561168326]
2,[-63.19076167500288, 842.9351877756917, 644.1813166270235]
2,[-154.3300093765558, 827.702849265626, 728.3582346050675]
2,[-72.29368488501095, 920.8760972212059, 717.6936763245587]
2,[-58.06748698872869, 903.3957178239202, 759.2733478728268]
2,[-92.55764517771765, 905.3390809580671, 824.3585469751795]
3,[281.8696220838926, -531.613373313678, -957.7178648465751]
2,[361.8829354825201, 877.795361377767, 740.6726331365448]
2,[537.0703010916191, 1243.664031280608, 733.6642778586139]
2,[480.2643501731501, 1026.893106610045, 682.9708160676018]
2,[518.9436958973359, 1095.516277316058, 798.7451516814108]
2,[485.2419304094544, 1436.096889852569, 627.145418429506]
